0	2.5
0.0005	2.58029264
0.0015	2.628430618
0.0025	2.661848454
0.0035	2.684265762
0.0045	2.706074114
0.0055	2.728206175
0.0065	2.748567073
0.0075	2.767664915
0.0085	2.785623888
0.0095	2.802598411
0.0105	2.818764082
0.0115	2.834164694
0.0125	2.848864736
0.0135	2.862903008
0.0145	2.876339756
0.0155	2.889218737
0.0165	2.901564513
0.0175	2.913451621
0.0185	2.924918216
0.0195	2.935907519
0.0205	2.94651914
0.0215	2.956807798
0.0225	2.966640306
0.0235	2.976160006
0.0245	2.985389477
0.0255	2.994306809
0.0265	3.002980718
0.0275	3.011321377
0.0285	3.019354252
0.0295	3.027143614
0.0305	3.034642892
0.0315	3.041914866
0.0325	3.048976163
0.0335	3.055793528
0.0345	3.06238116
0.0355	3.068795337
0.0365	3.074972116
0.0375	3.080963222
0.0385	3.086809044
0.0395	3.09249593
0.0405	3.098017971
0.0415	3.103396836
0.0425	3.10862883
0.0435	3.113711104
0.0445	3.118686756
0.0455	3.123519286
0.0465	3.12822492
0.0475	3.132807946
0.0485	3.13727927
0.0495	3.141645931
0.0505	3.145895723
0.0515	3.150027905
0.0525	3.154051956
0.0535	3.157968135
0.0545	3.161794733
0.0555	3.16551785
0.0565	3.169144134
0.0575	3.1727141
0.0585	3.176151776
0.0595	3.179505641
0.0605	3.182807185
0.0615	3.186009197
0.0625	3.189160435
0.0635	3.192220174
0.0645	3.195210311
0.0655	3.198147445
0.0665	3.201006136
0.0675	3.203798266
0.0685	3.206533875
0.0695	3.209219154
0.0705	3.211852009
0.0715	3.21444798
0.0725	3.216976032
0.0735	3.21948186
0.0745	3.221953074
0.0755	3.224387949
0.0765	3.226784587
0.0775	3.229145182
0.0785	3.231484035
0.0795	3.233773254
0.0805	3.236044023
0.0815	3.238308213
0.0825	3.240552029
0.0835	3.242768104
0.0845	3.24495147
0.0855	3.247131382
0.0865	3.249272168
0.0875	3.251388205
0.0885	3.253503424
0.0895	3.25561909
0.0905	3.257725245
0.0915	3.25980319
0.0925	3.261869087
0.0935	3.263927406
0.0945	3.265971098
0.0955	3.268016301
0.0965	3.270047492
0.0975	3.272072619
0.0985	3.274097998
0.0995	3.276113882
0.1005	3.278115303
0.1015	3.28012239
0.1025	3.282110035
0.1035	3.284088513
0.1045	3.286076638
0.1055	3.288044514
0.1065	3.290029779
0.1075	3.291998486
0.1085	3.293945261
0.1095	3.295900164
0.1105	3.297862124
0.1115	3.299810155
0.1125	3.301753886
0.1135	3.303687401
0.1145	3.305636991
0.1155	3.307565863
0.1165	3.309477053
0.1175	3.31139617
0.1185	3.313303138
0.1195	3.315201521
0.1205	3.317093226
0.1215	3.318974996
0.1225	3.320815979
0.1235	3.322649001
0.1245	3.324480992
0.1255	3.326281723
0.1265	3.328088259
0.1275	3.32986768
0.1285	3.331620424
0.1295	3.333376135
0.1305	3.335120938
0.1315	3.336830728
0.1325	3.338546396
0.1335	3.340243143
0.1345	3.341937923
0.1355	3.3436195
0.1365	3.345299452
0.1375	3.346975793
0.1385	3.348639201
0.1395	3.350291249
0.1405	3.351956451
0.1415	3.353605248
0.1425	3.355261666
0.1435	3.356893984
0.1445	3.358532825
0.1455	3.360167462
0.1465	3.361791363
0.1475	3.363420257
0.1485	3.365023098
0.1495	3.366636516
0.1505	3.36823738
0.1515	3.369835761
0.1525	3.371442299
0.1535	3.373029521
0.1545	3.374609661
0.1555	3.376195337
0.1565	3.377753139
0.1575	3.379305055
0.1585	3.380848276
0.1595	3.382394303
0.1605	3.383946394
0.1615	3.385471315
0.1625	3.386987021
0.1635	3.388490967
0.1645	3.389989514
0.1655	3.391470731
0.1665	3.392946351
0.1675	3.394418275
0.1685	3.395891336
0.1695	3.397363387
0.1705	3.398815616
0.1715	3.40025628
0.1725	3.401682965
0.1735	3.403106438
0.1745	3.404535663
0.1755	3.405953628
0.1765	3.407374385
0.1775	3.408784029
0.1785	3.410169111
0.1795	3.411565145
0.1805	3.412941753
0.1815	3.414342741
0.1825	3.415722619
0.1835	3.417084992
0.1845	3.418451605
0.1855	3.419811899
0.1865	3.421169031
0.1875	3.422531557
0.1885	3.423892141
0.1895	3.425246973
0.1905	3.426611909
0.1915	3.427975804
0.1925	3.429310476
0.1935	3.430656859
0.1945	3.432012235
0.1955	3.43335391
0.1965	3.434716064
0.1975	3.436066372
0.1985	3.437422858
0.1995	3.438778246
0.2005	3.440137943
0.2015	3.441504408
0.2025	3.442882903
0.2035	3.444272624
0.2045	3.445659249
0.2055	3.447050345
0.2065	3.4484361
0.2075	3.449834914
0.2085	3.451234264
0.2095	3.452637961
0.2105	3.454064511
0.2115	3.455478325
0.2125	3.456914354
0.2135	3.458329394
0.2145	3.459738393
0.2155	3.461162213
0.2165	3.462586248
0.2175	3.463997345
0.2185	3.465412208
0.2195	3.466819528
0.2205	3.46822496
0.2215	3.469633114
0.2225	3.471041169
0.2235	3.472456543
0.2245	3.47388124
0.2255	3.475334943
0.2265	3.476809772
0.2275	3.478328584
0.2285	3.479876012
0.2295	3.481491809
0.2305	3.483145595
0.2315	3.484859576
0.2325	3.486650551
0.2335	3.488478096
0.2345	3.490342581
0.2355	3.492233995
0.2365	3.494095139
0.2375	3.495914749
0.2385	3.497680302
0.2395	3.499361656
0.2405	3.500980276
0.2415	3.502496238
0.2425	3.503933927
0.2435	3.505304516
0.2445	3.506609314
0.2455	3.507864385
0.2465	3.509077459
0.2475	3.510248961
0.2485	3.511383076
0.2495	3.512480971
0.2505	3.513566642
0.2515	3.514637363
0.2525	3.515676766
0.2535	3.516703546
0.2545	3.517731698
0.2555	3.518743791
0.2565	3.519748327
0.2575	3.520744999
0.2585	3.521743858
0.2595	3.522725206
0.2605	3.523708491
0.2615	3.524710508
0.2625	3.525697468
0.2635	3.526673322
0.2645	3.527654012
0.2655	3.528643823
0.2665	3.529628179
0.2675	3.530601071
0.2685	3.531579347
0.2695	3.532556983
0.2705	3.533529659
0.2715	3.534493758
0.2725	3.535457405
0.2735	3.536434778
0.2745	3.537398267
0.2755	3.538344939
0.2765	3.539292507
0.2775	3.540223274
0.2785	3.541139132
0.2795	3.542052433
0.2805	3.542954558
0.2815	3.543851199
0.2825	3.544732405
0.2835	3.545597074
0.2845	3.546454785
0.2855	3.547307862
0.2865	3.548159222
0.2875	3.549007889
0.2885	3.549868345
0.2895	3.550732559
0.2905	3.551583767
0.2915	3.55243237
0.2925	3.553294981
0.2935	3.554152592
0.2945	3.555032118
0.2955	3.555900935
0.2965	3.556782676
0.2975	3.557670773
0.2985	3.558564775
0.2995	3.559462937
0.3005	3.56037516
0.3015	3.561300007
0.3025	3.5622437
0.3035	3.563194542
0.3045	3.564142185
0.3055	3.565109251
0.3065	3.566087045
0.3075	3.567087892
0.3085	3.568082612
0.3095	3.569102988
0.3105	3.570148266
0.3115	3.571218458
0.3125	3.572290969
0.3135	3.573394232
0.3145	3.574518488
0.3155	3.575663473
0.3165	3.576832535
0.3175	3.578020502
0.3185	3.579239197
0.3195	3.580457882
0.3205	3.581682025
0.3215	3.582905882
0.3225	3.584145175
0.3235	3.585376957
0.3245	3.586587071
0.3255	3.587788223
0.3265	3.58899857
0.3275	3.59018998
0.3285	3.591362434
0.3295	3.592523194
0.3305	3.593670991
0.3315	3.594813048
0.3325	3.595924301
0.3335	3.597029768
0.3345	3.598133277
0.3355	3.59923332
0.3365	3.600307525
0.3375	3.601379831
0.3385	3.602464744
0.3395	3.603528783
0.3405	3.604612092
0.3415	3.605692149
0.3425	3.606784698
0.3435	3.607885087
0.3445	3.608991729
0.3455	3.610110879
0.3465	3.61123222
0.3475	3.61234864
0.3485	3.613466587
0.3495	3.614582567
0.3505	3.615688244
0.3515	3.61679126
0.3525	3.61787451
0.3535	3.618946993
0.3545	3.620021256
0.3555	3.621072515
0.3565	3.622106777
0.3575	3.623129607
0.3585	3.624142583
0.3595	3.625146212
0.3605	3.626146332
0.3615	3.627118459
0.3625	3.628085138
0.3635	3.629042931
0.3645	3.629995174
0.3655	3.630937705
0.3665	3.631885312
0.3675	3.632813717
0.3685	3.63373355
0.3695	3.634651137
0.3705	3.635565815
0.3715	3.63649302
0.3725	3.637399335
0.3735	3.638303365
0.3745	3.639215366
0.3755	3.6401289
0.3765	3.641021574
0.3775	3.641931742
0.3785	3.642831639
0.3795	3.643741388
0.3805	3.644648214
0.3815	3.645551994
0.3825	3.646461801
0.3835	3.647359762
0.3845	3.648256401
0.3855	3.649146139
0.3865	3.650022361
0.3875	3.650909731
0.3885	3.651811433
0.3895	3.652695594
0.3905	3.65357528
0.3915	3.654449355
0.3925	3.65532177
0.3935	3.656199808
0.3945	3.657055899
0.3955	3.657920832
0.3965	3.658771151
0.3975	3.659630251
0.3985	3.660481931
0.3995	3.661329292
0.4005	3.662166075
0.4015	3.663012582
0.4025	3.663844055
0.4035	3.664689057
0.4045	3.665531675
0.4055	3.666363342
0.4065	3.667195342
0.4075	3.668026516
0.4085	3.668858881
0.4095	3.66969054
0.4105	3.670531943
0.4115	3.671350881
0.4125	3.672162768
0.4135	3.672994677
0.4145	3.673826602
0.4155	3.674665337
0.4165	3.675492831
0.4175	3.676333417
0.4185	3.677160489
0.4195	3.677988146
0.4205	3.678816374
0.4215	3.679660482
0.4225	3.680497221
0.4235	3.681313162
0.4245	3.68214827
0.4255	3.682984147
0.4265	3.683828156
0.4275	3.684668578
0.4285	3.685497676
0.4295	3.686340069
0.4305	3.687189832
0.4315	3.688030904
0.4325	3.688883152
0.4335	3.689732164
0.4345	3.690589429
0.4355	3.691453399
0.4365	3.692307178
0.4375	3.693165298
0.4385	3.694024539
0.4395	3.694892056
0.4405	3.695754695
0.4415	3.696622949
0.4425	3.697481644
0.4435	3.698375142
0.4445	3.699245272
0.4455	3.700118114
0.4465	3.701004403
0.4475	3.701879303
0.4485	3.702761022
0.4495	3.70364557
0.4505	3.704540471
0.4515	3.705425657
0.4525	3.70631232
0.4535	3.707206023
0.4545	3.708102344
0.4555	3.709005238
0.4565	3.709905371
0.4575	3.710806323
0.4585	3.711713704
0.4595	3.712608456
0.4605	3.713522661
0.4615	3.714423648
0.4625	3.71533996
0.4635	3.716252945
0.4645	3.717160955
0.4655	3.718093021
0.4665	3.719013439
0.4675	3.719922537
0.4685	3.720842897
0.4695	3.721761572
0.4705	3.722669291
0.4715	3.723590819
0.4725	3.724515407
0.4735	3.725434847
0.4745	3.726354104
0.4755	3.727284839
0.4765	3.728206503
0.4775	3.729124869
0.4785	3.730050212
0.4795	3.730978563
0.4805	3.731920484
0.4815	3.732856373
0.4825	3.733780151
0.4835	3.734700451
0.4845	3.7356261
0.4855	3.736557115
0.4865	3.737475791
0.4875	3.738410293
0.4885	3.739338893
0.4895	3.740274779
0.4905	3.741212628
0.4915	3.742138807
0.4925	3.743073691
0.4935	3.744013952
0.4945	3.744925288
0.4955	3.745849012
0.4965	3.746782381
0.4975	3.747697836
0.4985	3.748623516
0.4995	3.749564648
0.5005	3.750481565
0.5015	3.751417633
0.5025	3.75234648
0.5035	3.753266298
0.5045	3.754181135
0.5055	3.755089105
0.5065	3.756009928
0.5075	3.756934934
0.5085	3.757858412
0.5095	3.758777635
0.5105	3.759704325
0.5115	3.760616687
0.5125	3.761525553
0.5135	3.762438354
0.5145	3.763355002
0.5155	3.764267154
0.5165	3.765186251
0.5175	3.766098883
0.5185	3.767010092
0.5195	3.767912481
0.5205	3.768820337
0.5215	3.769728558
0.5225	3.770636674
0.5235	3.771542887
0.5245	3.772437522
0.5255	3.773339563
0.5265	3.774245408
0.5275	3.775141658
0.5285	3.77604412
0.5295	3.776949065
0.5305	3.777839939
0.5315	3.778735946
0.5325	3.779630012
0.5335	3.780522564
0.5345	3.781415992
0.5355	3.782309473
0.5365	3.78318576
0.5375	3.78407702
0.5385	3.784967419
0.5395	3.785846247
0.5405	3.786730314
0.5415	3.787612987
0.5425	3.788497535
0.5435	3.78938013
0.5445	3.790268936
0.5455	3.791142048
0.5465	3.792010558
0.5475	3.792880858
0.5485	3.793747177
0.5495	3.794630767
0.5505	3.795499563
0.5515	3.796378146
0.5525	3.797243056
0.5535	3.798112518
0.5545	3.798981529
0.5555	3.799859896
0.5565	3.80071391
0.5575	3.80157835
0.5585	3.802455874
0.5595	3.803312108
0.5605	3.804175878
0.5615	3.805023456
0.5625	3.805887677
0.5635	3.806740534
0.5645	3.807607043
0.5655	3.808461677
0.5665	3.809308939
0.5675	3.810167857
0.5685	3.811030859
0.5695	3.811872741
0.5705	3.812718815
0.5715	3.813566984
0.5725	3.814412617
0.5735	3.81526452
0.5745	3.816136398
0.5755	3.816974685
0.5765	3.817833452
0.5775	3.818680483
0.5785	3.819543844
0.5795	3.820396592
0.5805	3.821243604
0.5815	3.822105054
0.5825	3.822957904
0.5835	3.823815653
0.5845	3.824679775
0.5855	3.825527481
0.5865	3.826384251
0.5875	3.827248269
0.5885	3.828113106
0.5895	3.828972134
0.5905	3.829846735
0.5915	3.830718064
0.5925	3.83159413
0.5935	3.832477617
0.5945	3.833366423
0.5955	3.834257613
0.5965	3.835145356
0.5975	3.836043926
0.5985	3.83694204
0.5995	3.837866786
0.6005	3.838780454
0.6015	3.839713932
0.6025	3.840637674
0.6035	3.841583189
0.6045	3.842538028
0.6055	3.84350066
0.6065	3.844473837
0.6075	3.845450215
0.6085	3.846437936
0.6095	3.847448103
0.6105	3.848453413
0.6115	3.849465642
0.6125	3.850492778
0.6135	3.851511425
0.6145	3.852557561
0.6155	3.85358703
0.6165	3.854609018
0.6175	3.855648249
0.6185	3.856672441
0.6195	3.857694159
0.6205	3.85870866
0.6215	3.859711185
0.6225	3.86066694
0.6235	3.861601675
0.6245	3.862516318
0.6255	3.863408234
0.6265	3.864265617
0.6275	3.865092926
0.6285	3.865897986
0.6295	3.866694259
0.6305	3.867458256
0.6315	3.86820182
0.6325	3.868933432
0.6335	3.869656019
0.6345	3.870370824
0.6355	3.871084763
0.6365	3.871782352
0.6375	3.872475549
0.6385	3.873166326
0.6395	3.873846175
0.6405	3.874525678
0.6415	3.875214962
0.6425	3.875887174
0.6435	3.876572321
0.6445	3.877256283
0.6455	3.877930895
0.6465	3.878618579
0.6475	3.879288598
0.6485	3.879980529
0.6495	3.880656409
0.6505	3.881331998
0.6515	3.882022945
0.6525	3.882712927
0.6535	3.883404251
0.6545	3.88410354
0.6555	3.884798313
0.6565	3.885493672
0.6575	3.88619658
0.6585	3.886902824
0.6595	3.887604126
0.6605	3.888314155
0.6615	3.889035938
0.6625	3.889760142
0.6635	3.890478077
0.6645	3.891186778
0.6655	3.891910339
0.6665	3.89264472
0.6675	3.893393026
0.6685	3.894136665
0.6695	3.894879824
0.6705	3.895632524
0.6715	3.896397121
0.6725	3.897165069
0.6735	3.897942076
0.6745	3.898728224
0.6755	3.899502623
0.6765	3.900290035
0.6775	3.901087794
0.6785	3.901891282
0.6795	3.902704619
0.6805	3.903521407
0.6815	3.90435619
0.6825	3.905207955
0.6835	3.906036286
0.6845	3.9068993
0.6855	3.907768639
0.6865	3.908633027
0.6875	3.90950796
0.6885	3.910385701
0.6895	3.911280053
0.6905	3.912191601
0.6915	3.913102485
0.6925	3.9140288
0.6935	3.914947581
0.6945	3.915879549
0.6955	3.916815218
0.6965	3.91776089
0.6975	3.918703248
0.6985	3.919661987
0.6995	3.920632913
0.7005	3.921603546
0.7015	3.922581406
0.7025	3.923571413
0.7035	3.924564545
0.7045	3.925565644
0.7055	3.926565913
0.7065	3.927578426
0.7075	3.928591056
0.7085	3.929619923
0.7095	3.930639594
0.7105	3.931651627
0.7115	3.932684695
0.7125	3.93372668
0.7135	3.934769127
0.7145	3.935818369
0.7155	3.936887078
0.7165	3.937937399
0.7175	3.938991059
0.7185	3.940064803
0.7195	3.941144821
0.7205	3.942223225
0.7215	3.943298273
0.7225	3.944380146
0.7235	3.945462915
0.7245	3.946565246
0.7255	3.947678105
0.7265	3.948784531
0.7275	3.949898087
0.7285	3.951021469
0.7295	3.952138489
0.7305	3.953273455
0.7315	3.95439212
0.7325	3.95552511
0.7335	3.956678079
0.7345	3.957828597
0.7355	3.958980969
0.7365	3.960136311
0.7375	3.96129019
0.7385	3.962453691
0.7395	3.963618034
0.7405	3.964799765
0.7415	3.965988185
0.7425	3.967178069
0.7435	3.968359884
0.7445	3.969545183
0.7455	3.970738525
0.7465	3.971947651
0.7475	3.9731481
0.7485	3.97435741
0.7495	3.975580094
0.7505	3.976794691
0.7515	3.978008027
0.7525	3.979219191
0.7535	3.980424542
0.7545	3.981658975
0.7555	3.982884646
0.7565	3.984108222
0.7575	3.985350246
0.7585	3.986590474
0.7595	3.987831074
0.7605	3.98906464
0.7615	3.990298943
0.7625	3.99155339
0.7635	3.992788785
0.7645	3.994030918
0.7655	3.995263093
0.7665	3.996488042
0.7675	3.997724908
0.7685	3.998968489
0.7695	4.000198299
0.7705	4.001420103
0.7715	4.002664034
0.7725	4.003900254
0.7735	4.005105264
0.7745	4.006321607
0.7755	4.007540218
0.7765	4.008757844
0.7775	4.009964805
0.7785	4.011172831
0.7795	4.012384364
0.7805	4.013569035
0.7815	4.014767815
0.7825	4.015950403
0.7835	4.01714544
0.7845	4.018323321
0.7855	4.019485986
0.7865	4.020643005
0.7875	4.021803968
0.7885	4.022947638
0.7895	4.024084644
0.7905	4.025231834
0.7915	4.026353141
0.7925	4.02746731
0.7935	4.028587022
0.7945	4.029679457
0.7955	4.03076954
0.7965	4.031865961
0.7975	4.03295059
0.7985	4.034024458
0.7995	4.035108126
0.8005	4.036163116
0.8015	4.037210715
0.8025	4.038254524
0.8035	4.039284919
0.8045	4.040309932
0.8055	4.041325829
0.8065	4.042328399
0.8075	4.043344472
0.8085	4.04434082
0.8095	4.045326248
0.8105	4.046304384
0.8115	4.04727382
0.8125	4.04822806
0.8135	4.049179453
0.8145	4.050119289
0.8155	4.051055914
0.8165	4.051976864
0.8175	4.052878088
0.8185	4.053781991
0.8195	4.054672645
0.8205	4.055543676
0.8215	4.056414918
0.8225	4.057274435
0.8235	4.058108541
0.8245	4.058935555
0.8255	4.059760199
0.8265	4.060563158
0.8275	4.061354599
0.8285	4.062134532
0.8295	4.06288601
0.8305	4.063629739
0.8315	4.064351175
0.8325	4.065062707
0.8335	4.065763543
0.8345	4.0664444
0.8355	4.06711582
0.8365	4.067765259
0.8375	4.068400357
0.8385	4.069026948
0.8395	4.069629809
0.8405	4.070205759
0.8415	4.070770462
0.8425	4.071318536
0.8435	4.071857169
0.8445	4.072368609
0.8455	4.072866515
0.8465	4.073353522
0.8475	4.073835482
0.8485	4.074295701
0.8495	4.074749171
0.8505	4.075189878
0.8515	4.075617544
0.8525	4.076021572
0.8535	4.076439207
0.8545	4.076849972
0.8555	4.077241078
0.8565	4.077624847
0.8575	4.078004824
0.8585	4.078364292
0.8595	4.078730768
0.8605	4.079086655
0.8615	4.079432907
0.8625	4.079784245
0.8635	4.08012501
0.8645	4.080464529
0.8655	4.080789726
0.8665	4.081105309
0.8675	4.081425224
0.8685	4.081750564
0.8695	4.08207568
0.8705	4.082402962
0.8715	4.08270768
0.8725	4.083020664
0.8735	4.083331621
0.8745	4.083644871
0.8755	4.083971199
0.8765	4.084283552
0.8775	4.08460067
0.8785	4.08490187
0.8795	4.08521812
0.8805	4.085524971
0.8815	4.085826275
0.8825	4.086133291
0.8835	4.086445091
0.8845	4.086757791
0.8855	4.087074497
0.8865	4.087392062
0.8875	4.087701472
0.8885	4.088012938
0.8895	4.088339705
0.8905	4.088657871
0.8915	4.088980624
0.8925	4.089301184
0.8935	4.089618257
0.8945	4.089950074
0.8955	4.090266415
0.8965	4.090607579
0.8975	4.090946479
0.8985	4.091289653
0.8995	4.091622428
0.9005	4.091966576
0.9015	4.09231373
0.9025	4.092667251
0.9035	4.093018508
0.9045	4.093371497
0.9055	4.09373383
0.9065	4.094111556
0.9075	4.094482709
0.9085	4.094862811
0.9095	4.095244377
0.9105	4.09562295
0.9115	4.096016112
0.9125	4.096411399
0.9135	4.096821023
0.9145	4.097222616
0.9155	4.097624265
0.9165	4.098045617
0.9175	4.098469146
0.9185	4.098911154
0.9195	4.099347121
0.9205	4.099788209
0.9215	4.100246556
0.9225	4.100698816
0.9235	4.101140172
0.9245	4.101604893
0.9255	4.102091591
0.9265	4.102569154
0.9275	4.10305895
0.9285	4.103561644
0.9295	4.104081752
0.9305	4.104595936
0.9315	4.105125799
0.9325	4.105652994
0.9335	4.106198928
0.9345	4.106754662
0.9355	4.107325127
0.9365	4.107905915
0.9375	4.108496168
0.9385	4.109095149
0.9395	4.109696693
0.9405	4.110326767
0.9415	4.110975786
0.9425	4.111620787
0.9435	4.112278334
0.9445	4.112951795
0.9455	4.113635973
0.9465	4.114345546
0.9475	4.115069617
0.9485	4.115806762
0.9495	4.116546562
0.9505	4.117310446
0.9515	4.118083653
0.9525	4.118881488
0.9535	4.119686321
0.9545	4.120511772
0.9555	4.121354399
0.9565	4.122224868
0.9575	4.123114409
0.9585	4.124012103
0.9595	4.124941142
0.9605	4.125874869
0.9615	4.126851521
0.9625	4.127843858
0.9635	4.12886536
0.9645	4.129895674
0.9655	4.130981447
0.9665	4.132066086
0.9675	4.133174783
0.9685	4.134332517
0.9695	4.135495605
0.9705	4.136700649
0.9715	4.137932845
0.9725	4.139185585
0.9735	4.140470508
0.9745	4.141794076
0.9755	4.143144343
0.9765	4.144515352
0.9775	4.145927512
0.9785	4.147407466
0.9795	4.148923277
0.9805	4.150470476
0.9815	4.152064831
0.9825	4.153692548
0.9835	4.155367161
0.9845	4.157086929
0.9855	4.158854368
0.9865	4.160665935
0.9875	4.162520984
0.9885	4.164441074
0.9895	4.166412916
0.9905	4.168447046
0.9915	4.170594752
0.9925	4.172557598
0.9935	4.173727377
0.9945	4.174938232
0.9955	4.176229995
0.9965	4.177611358
0.9975	4.179099611
0.9985	4.180811901
0.9995	4.183257024
1	4.2
